title,year,conference
 A learning algorithm for boltzmannmachines,1985, Cognitivescience
 Conditional noise-contrastive estimation of unnormalisedmodels,2018, In International Conference on Machine Learning
 An introduction to the ising model,1987, The American Mathematical Monthly
 Learning discreteenergy-based models via auxiliary-variable local exploration,2020, Advances in Neural InformationProcessing Systems
 Stochastic ratio matching of rbms for sparse high-dimensionalinputs,2013, Advances in Neural Information Processing Systems
 Implicit generation and modeling with energy based models,2019, InAdvances in Neural Information Processing Systems
 Improved contrastive divergencetraining of energy based models,2020, arXiv preprint arXiv:2012
 A gradient adaptive populationimportance sampler,2015, In 2015 IEEE International Conference on Acoustics
 Learning generative con-vnets via multi-grid modeling and sampling,2018, In Proceedings of the IEEE Conference on ComputerVision and Pattern Recognition
 Escaping from saddle points—online stochasticgradient for tensor decomposition,2015, In Conference on learning theory
 Oopsi took a gradient: Scalable sampling for discrete distributions,2021, In International conference onmachine learning
 Noise-contrastive estimation: A new estimation principlefor unnormalized statistical models,2010, In Proceedings of the thirteenth international conference onartificial intelligence and statistics
 Graph energy-based model for sub-structure preserving molecular design,2021, arXiv preprint arXiv:2102
 Training products of experts by minimizing contrastive divergence,2002, Neuralcomputation
 A practical guide to training restricted boltzmann machines,2012, In Neural networks:Tricks of the trade
 Neural networks and physical systems with emergent collective computationalabilities,1982, Proceedings of the national academy of sciences
 Beitrag zur Theorie des Ferromagnetismus,1925, Zeitschrift fur Physik
 Adam: A method for stochastic optimization,2015, In InternationalConference on Learning Representations
 Gradient-based learning applied todocument recognition,1998, Proceedings of the IEEE
 A tutorial on energy-basedlearning,2006, Predicting structured data
 Learning deep generativemodels of graphs,2018, In International Conference on Machine Learning
 GraphEBM: Molecular graph generationwith energy-based models,2021, arXiv preprint arXiv:2102
 GraphDF: A discrete flow model for molecular graphgeneration,2021, In International Conference on Machine Learning
 Mcmc using hamiltonian dynamics,2011, Handbook of markov chain monte carlo
 Learning non-convergent non-persistent short-run mcmc toward energy-based model,2019, In Proceedings of the 33rd InternationalConference on Neural Information Processing Systems
 Per-mutation invariant graph generation via score-based generative modeling,2020, Artificial Intelligenceand Statistics
 Swish: a self-gated activation function,2017, arXivpreprint arXiv:1710
 Neural network-based face detection,1998, IEEETransactions on pattern analysis and machine intelligence
 Modeling relational data with graph convolutional networks,2018, In European Semantic WebConference
 Gradient importance sampling,2015, arXiv preprint arXiv:1507
 Graphaf: aflow-based autoregressive model for molecular graph generation,2019, In International Conference onLearning Representations
 Training region-based object detectorswith online hard example mining,2016, In Proceedings of the IEEE conference on computer vision andpattern recognition
 Graphvae: Towards generation of small graphs usingvariational autoencoders,2018, In International Conference on Artificial Neural Networks
 Sliced score matching: A scalable approachto density and score estimation,2020, In Uncertainty in Artificial Intelligence
 Training restricted boltzmann machines using approximations to the likelihoodgradient,2008, In Proceedings of the 25th international conference on Machine learning
 A theory of generative convnet,2016, InInternational Conference on Machine Learning
 Synthesizing dynamic patterns by spatial-temporal generative convnet,2017, In Proceedings of the ieee conference on computer vision andpattern recognition
 Graphrnn: Generat-ing realistic graphs with deep auto-regressive models,2018, In International conference on machinelearning
 According to Eq,2022, (7)
